$ANSIBLE_VAULT;1.1;AES256
31646665353531656432346264623630656262356664376539356465326636373531316139343234
3938363233646435373236373331326262346630666466330a383332313530353336396663376365
64663234643966323037376165323664303334343638616262303961356464366334306337333632
6436336133623565350a616238313262313161326438353431343262623564393965333033316330
38656239373862613939393365623735336233653362623163313762313539636235373138323535
61663766613832653064383466396132366531636135646131343438323932373965633366363232
61636333623837616563303765623734333838633165333637376538363465323063383230346461
36633131356365656238313363306661396264336566643066343766363136353236383039666132
37663731373965666266376533663066383761313139303463366333633535336238643665613164
39396330646138663631316536336434643961626434346637643730346461633963656538356534
30656131653838343436303265363534656634383136646534646236626562323830343363356664
31363932653133336362623363646636343031316336666233663064343832356564336136396533
38383462306266356436643431656334316336343835383537366631653965346235366632373833
39613364643435623534366130323663633831326533653966336339333831633362313661326635
30623935363436383365663430366439623334333430336134646165343237306233663230396635
65386635376561396336323438623638353838653564303436663035306165633735663734386661
35626439376236306566346434646165383863303132323964646638623566376531633863343365
32663862373966303365663938346131653864333661663963383761373761663635376139383838
34303135643534353638303464303635326135343165663635623164363834633365346332663863
65376437333564373465386538303462353465373839363562623563626637636437346634633536
32633066393431333232333966653864666566646462656236653263343563356233346465646132
6334363165393030626262373039636631613837343936656234
